000002
000004
000011
000012
000018
000024
000030
000032
000033
000055
000057
000058
000059
000060
000067
000076
000077
000082
000086
000088
000089
000094
000095
000096
000100
000107
000108
000112
000113
000115
000119
000120
000122
000124
000126
000128
000130
000131
000133
000139
000140
000148
000149
000150
000156
000158
000159
000160
000164
000166
000168
000169
000171
000175
000176
000178
000181
000186
000190
000194
000198
000201
000202
000210
000213
000214
000217
000220
000223
000224
000225
000226
000229
000231
000233
000234
000236
000242
000243
000246
000247
000248
000250
000254
000257
000261
000264
000270
000275
000278
000280
000283
000289
000290
000294
000300
000306
000308
000309
000314
000315
000319
000325
000327
000328
000330
000332
000334
000335
000340
000342
000350
000357
000358
000359
000362
000365
000369
000373
000376
000377
000378
000381
000384
000386
000388
000389
000396
000398
000399
000404
000410
000414
000415
000416
000421
000424
000436
000440
000443
000449
000454
000455
000460
000464
000465
000474
000479
000480
000482
000483
000485
000492
000495
000497
000498
000508
000510
000512
000514
000515
000518
000522
000524
000525
000533
000535
000536
000538
000541
000544
000547
000551
000552
000553
000556
000564
000565
000566
000568
000570
000571
000573
000576
000577
000580
000581
000582
000586
000588
000593
000597
000599
000603
000604
000608
000610
000611
000613
000617
000619
000621
000622
000625
000627
000628
000630
000633
000638
000640
000642
000643
000649
000666
000667
000673
000674
000676
000681
000684
000687
000688
000697
000701
000704
000706
000708
000716
000718
000721
000725
000729
000731
000732
000737
000743
000745
000746
000747
000748
000751
000753
000754
000755
000757
000758
000761
000767
000768
000769
000770
000775
000779
000780
000781
000786
000790
000792
000796
000798
000800
000809
000810
000811
000812
000814
000816
000818
000819
000821
000822
000824
000825
000827
000830
000834
000843
000844
000845
000853
000854
000855
000857
000861
000862
000865
000866
000867
000869
000870
000872
000876
000881
000882
000883
000885
000891
000898
000899
000902
000903
000904
000905
000908
000909
000917
000918
000925
000928
000929
000945
000946
000947
000948
000949
000951
000961
000962
000964
000966
000971
000972
000977
000978
000980
000981
000988
000989
001001
001002
001004
001007
001014
001015
001016
001017
001018
001021
001029
001032
001033
001034
001035
001039
001042
001045
001047
001051
001057
001058
001059
001060
001061
001065
001067
001070
001073
001078
001079
001081
001083
001087
001089
001091
001094
001096
001100
001101
001107
001110
001111
001115
001118
001124
001125
001130
001132
001133
001134
001136
001138
001139
001152
001156
001158
001160
001162
001165
001167
001169
001175
001177
001179
001180
001181
001191
001192
001197
001198
001201
001203
001205
001211
001215
001217
001219
001223
001226
001233
001235
001236
001239
001242
001244
001245
001246
001248
001250
001255
001258
001261
001263
001264
001267
001268
001271
001272
001276
001280
001281
001284
001287
001288
001292
001295
001298
001301
001304
001306
001310
001312
001315
001316
001317
001318
001319
001322
001324
001329
001331
001332
001336
001339
001340
001341
001345
001352
001359
001361
001366
001379
001383
001384
001385
001386
001387
001394
001398
001399
001401
001402
001419
001422
001425
001431
001432
001434
001440
001441
001442
001449
001452
001454
001455
001458
001460
001466
001468
001475
001479
001482
001488
001489
001493
001498
001500
001503
001505
001507
001508
001517
001518
001520
001523
001530
001531
001540
001541
001546
001549
001550
001553
001556
001558
001560
001563
001566
